
1592314763105;2;uomo;6;11;14
1592327834521;4;uomo;9;11;14
1592328877396;3;donna;9;11;14
1592329306939;2;uomo;6;13;14
1592330066979;2;uomo;6;13;14
1592330327539;2;uomo;7;12;14
1592330567478;2;uomo;7;13;14
1592333737395;2;uomo;7;11;14
1592336372519;2;uomo;6;12;14
1592377715444;2;uomo;6;13;14
1592384795692;2;uomo;8;11;14
1592385181158;3;donna;7;12;14
1592386389623;3;uomo;7;11;14
1592391227933;2;uomo;6;11;14
1592391466032;2;uomo;6;11;14
1592391624450;2;uomo;6;12;14
1592392119768;5;uomo;6;12;15
1592392370855;2;uomo;6;12;14
1592393262252;2;donna;6;13;14
1592393635780;2;donna;6;13;14
1592393866297;2;donna;6;12;14
1592394567268;2;donna;6;13;14
1592394689451;1;uomo;6;13;14
1592394985388;3;donna;6;12;14
1592408315253;2;uomo;6;11;14
1592427456547;2;uomo;7;12;14
1592428638614;2;uomo;7;11;14
1592491961668;3;uomo;6;12;14
1592492102298;1;uomo;10;13;14
1592492226105;4;donna;6;12;14
1592492504855;4;donna;10;13;14
1592493306334;2;uomo;6;12;14
1592498435980;2;uomo;7;13;14
1592498545042;2;donna;6;13;14
1592507149548;2;uomo;6;12;14
1592507234592;2;donna;7;13;14
1592507324450;1;donna;10;13;14
1592511972348;2;donna;7;11;14
1592512026788;2;uomo;8;11;14
1592553230382;2;donna;7;12;14
1592665521638;2;donna;6;12;14
1592686197066;2;uomo;6;12;14
1592686474237;4;donna;10;11;14
1592686663458;3;donna;7;12;14
1592773521533;3;donna;7;12;14
1592773593985;4;uomo;10;11;14
1592773674504;4;donna;6;11;14
1592852026182;3;uomo;6;11;14
1592852298406;2;uomo;7;13;14
1592852460360;2;uomo;7;12;14
1592852484677;5;donna;6;11;14
1592852614749;2;uomo;7;12;14
1592852789920;5;uomo;10;13;14
1592853217845;2;uomo;7;11;14
1592854257993;3;uomo;6;12;14
1592854961388;2;uomo;6;11;14
1592855331705;3;uomo;7;12;14
1592856017196;5;uomo;6;12;14
1592856780641;2;donna;6;13;14
1592857094570;3;uomo;6;13;14
1592857310810;3;uomo;8;13;15
1592859885063;2;uomo;6;13;14
1592861918027;2;uomo;6;11;14
1592894506551;1;uomo;6;12;14
1592894706095;5;donna;6;11;14
1592894906864;3;uomo;6;12;14
1592894946015;4;uomo;6;11;14
1592895136918;1;uomo;8;12;14
1592895144806;3;donna;8;12;14
1592895375793;4;uomo;7;12;14
1592895676654;3;donna;8;12;14
1592897259621;3;uomo;8;11;14
1592897304542;2;uomo;6;12;14
1592897378447;2;donna;6;12;14
1592897974421;2;uomo;6;12;14
1592898376425;2;uomo;6;11;14
1592898420932;2;donna;7;12;14
1592899306372;4;uomo;6;11;14
1592899713587;1;donna;6;12;14
1592900046886;5;uomo;6;12;14
1592901967144;3;uomo;8;13;14
1592902910740;2;uomo;7;12;14
1592906605216;2;uomo;6;12;14
1592915422753;5;uomo;6;11;14
1592922877119;2;uomo;6;12;14
1592927588535;5;donna;10;12;14
1592934437670;2;uomo;7;12;14
1592947021714;1;uomo;6;11;14
1592947228037;4;uomo;6;12;14
1592947385650;3;uomo;6;12;14
1592948400567;3;donna;6;12;14
1592990854913;2;uomo;6;12;14
1593028266589;2;uomo;6;11;14
1593031466083;2;uomo;6;11;14
1593031544736;4;donna;6;11;15
1593032865852;2;uomo;6;11;15
1593033737835;1;uomo;6;12;14
1593035135206;3;uomo;7;12;14
1593035622841;2;uomo;6;12;14
1593071667698;2;uomo;6;11;14
1593072289808;4;donna;6;11;15
1593074713305;5;uomo;7;12;14
1593077462282;4;uomo;6;11;14
1593091257090;2;donna;7;11;14
1593091366036;3;uomo;7;12;14
1593092494134;2;uomo;10;12;14
1593094110795;4;uomo;10;12;14
1593101087662;3;donna;6;11;14
1593101594118;5;uomo;6;12;15
1593101860516;3;uomo;7;13;14
1593108571026;4;uomo;6;11;14
1593111076266;1;donna;10;13;14
1593111253386;3;donna;7;12;14
1593111343703;4;uomo;10;11;14
1593111805013;2;uomo;7;12;14
1593112028622;1;donna;10;12;14
1593112185537;2;uomo;6;12;14
1593157122056;2;uomo;6;12;14
1593157316503;3;donna;10;12;14
1593159179830;4;uomo;6;11;14
1593160373291;4;donna;6;11;14
1593170012588;2;donna;7;11;14
1593173365586;3;donna;6;11;14
1593178758647;5;donna;10;11;15
1593178989434;3;uomo;8;12;14
1593179203457;5;donna;10;11;14
1593179754134;2;uomo;6;12;14
1593180421258;2;uomo;7;13;14
1593181919616;2;uomo;8;12;14
1593194020847;4;donna;6;11;14
1593206443157;2;donna;6;12;14
1593209761243;2;uomo;6;12;14
1593270322819;2;donna;7;11;14
1593281254237;2;donna;6;12;14
1593281738483;3;donna;10;11;14
1593288261696;2;uomo;10;13;14
1593289788840;4;donna;6;12;14
1593291179352;2;donna;6;11;14
1593291456801;3;uomo;10;12;14
1593297793762;2;donna;10;12;14
1593298147935;4;donna;6;11;14
1593299156733;4;donna;7;12;14
1593299269044;2;uomo;10;12;14
1593299360774;5;donna;10;11;14
1593299911883;5;donna;6;11;14
1593372354173;2;donna;10;12;14
1593372504123;3;donna;7;11;14
1593373621210;4;donna;6;11;14
1593387562098;5;donna;6;11;14
1593388181924;4;donna;6;12;14
1593414277142;2;donna;6;13;14
1593418814413;3;donna;7;11;14
1593419734178;2;uomo;6;12;14
1593441054418;3;uomo;6;11;14
1593447803607;3;uomo;7;11;14
1593448026502;1;donna;10;13;14
1593450340527;5;donna;6;12;14
1593451720602;3;uomo;6;11;14
1593453836918;2;uomo;7;11;14
1593456687447;3;donna;6;12;14
1593456814783;2;donna;6;11;14
1593457232162;2;donna;6;11;14
1593457379451;3;uomo;6;11;14
1593457660524;2;donna;6;11;14
1593457768650;3;uomo;6;11;14
1593457996178;2;donna;6;11;14
1593458008219;3;uomo;7;13;14
1593458322466;2;donna;6;11;14
1593459272645;2;uomo;10;13;14
1593459815081;2;donna;6;12;14
1593463369334;2;donna;6;11;15
1593465294675;3;donna;6;11;14
1593466285494;3;uomo;6;12;14
1593468162472;5;donna;10;11;14
1593475928831;3;donna;6;11;15
1593476780673;3;uomo;7;12;14
1593503308314;2;uomo;6;11;15
1593511338945;3;uomo;6;12;14
1593513290017;1;donna;10;11;14
1593514158408;1;uomo;6;13;14
1593516149188;2;donna;10;12;14
1593518768941;2;uomo;7;11;14
1593518844403;3;donna;6;12;15
1593519029585;2;donna;7;11;14
1593520084674;3;donna;6;12;14
1593520340570;2;uomo;6;12;14
1593520586414;1;donna;10;12;14
1593520805434;3;donna;7;11;14
1593520868616;5;uomo;10;11;15
1593521104427;3;uomo;7;11;14
1593521856413;2;uomo;6;11;14
1593522129185;2;uomo;6;11;14
1593522233921;3;donna;6;12;14
1593522481786;3;uomo;10;11;15
1593522709639;5;uomo;6;11;14
1593523702487;4;uomo;7;11;14
1593523968496;4;donna;7;12;14
1593524110051;2;uomo;7;11;14
1593524140978;4;uomo;6;13;14
1593524224206;4;donna;6;13;14
1593524366922;4;uomo;6;13;14
1593524741945;2;donna;10;11;14
1593525381742;3;donna;10;12;14
1593525605586;3;uomo;8;12;14
1593525942294;3;donna;10;11;14
1593526306131;5;donna;10;11;14
1593526421452;3;uomo;10;11;15
1593526609340;3;donna;6;11;14
1593527100772;2;uomo;6;12;14
1593527792032;2;uomo;6;12;14
1593527891613;3;uomo;6;11;14
1593528416040;2;donna;6;11;15
1593528805194;3;uomo;7;11;14
1593529087985;3;uomo;6;11;14
1593529807177;2;uomo;8;12;14
1593532624767;2;donna;6;12;14
1593532816226;3;uomo;10;11;15
1593532908511;3;donna;6;11;14
1593533019702;3;uomo;6;11;14
1593533286312;3;uomo;6;11;14
1593533531903;4;donna;10;11;14
1593533754621;5;donna;6;12;14
1593533901921;3;donna;6;11;14
1593534127321;3;uomo;10;11;14
1593534203520;5;donna;6;11;15
1593534474448;3;donna;7;11;15
1593534617453;4;uomo;10;11;14
1593535786052;3;uomo;10;12;14
1593536831944;3;donna;10;11;14
1593536962284;1;uomo;10;13;14
1593537061378;2;uomo;6;12;14
1593537309451;4;donna;6;11;14
1593537454141;2;donna;7;11;14
1593537665886;3;donna;7;11;14
1593537878023;5;uomo;7;12;14
1593537952979;3;uomo;10;12;14
1593538139278;2;uomo;6;12;14
1593538227570;3;donna;6;11;14
1593538473686;3;donna;10;11;14
1593538758756;2;uomo;6;12;14
1593538981904;2;donna;6;13;14
1593539042860;2;donna;6;13;14
1593544449440;2;uomo;7;12;14
1593545531276;2;uomo;6;11;14
1593546377505;4;uomo;6;11;14
1593547054242;3;uomo;6;12;14
1593547521400;3;donna;6;11;14
1593550364720;2;uomo;7;11;14
1593551070483;3;donna;10;12;14
1593553329024;1;uomo;7;11;14
1593553497176;2;donna;6;11;14
1593555044875;4;donna;10;11;14
1593555129064;5;uomo;6;11;14
1593585363726;3;uomo;6;11;14
1593586126245;2;donna;10;11;14
1593592410706;2;uomo;6;11;14
1593943243322;1;uomo;7;11;14
1593943332796;2;donna;7;11;15
1593943628065;2;uomo;6;12;14
1593943655433;2;uomo;7;12;14
1593950771482;3;uomo;6;12;14
1593951446025;1;uomo;7;11;15
1593953111214;1;donna;6;12;14
1593955105514;1;uomo;7;11;14
1593957106109;2;uomo;6;12;14
1593958586810;2;uomo;9;12;14
1593962345052;1;uomo;9;12;14
1593969034541;2;uomo;6;11;14
1593969410359;1;donna;7;11;14
20210625191003,3,donna;7;12;14
20210625191039,4,uomo;6;11;14
20210625194234,2,donna;7;11;14
20210625194719,2,donna;7;11;14
